0    66    14    543    563    415    437    437    530    499    239    187    48    147    343    244    550    183    454    495    294    246    182    571    56    97    265    339    125    351    360    599    35    413    327    343    415    31    598    499    281    80    523    564    217    450    355    465    543    266    215    519    560    107    83    9    181    21    474    455    285    146    93    174    106    293    274    364    537    551    585    286    275    463    114    176    329    117    178    200    332    52    253    463    466    154    37    13    557    445    96    400    101    419    280    265    342    454    107    259    148    90    11    576    74    196    192    362    363    450     

66    0    385    211    479    177    2    82    527    430    440    475    340    157    343    577    34    591    116    546    410    300    487    255    468    205    223    166    275    484    322    63    67    474    444    567    70    421    460    164    155    404    31    414    88    281    236    318    62    314    406    334    507    315    312    37    310    51    498    269    474    49    298    322    533    468    22    257    99    444    302    322    123    88    206    108    395    277    369    244    383    151    321    209    109    343    91    183    20    410    472    183    179    49    549    111    398    250    4    75    570    451    403    271    506    382    35    503    2    381     

14    385    0    75    54    217    259    34    392    436    213    52    452    220    155    364    249    113    439    119    435    393    25    497    66    249    236    249    304    12    225    535    413    409    278    462    233    390    530    501    509    235    247    439    182    58    445    490    350    138    511    53    297    490    300    290    498    482    253    571    96    206    214    200    488    396    506    535    384    476    511    509    84    103    3    256    489    120    498    223    52    104    13    121    574    206    49    314    247    114    209    4    163    42    216    338    421    222    495    352    383    406    255    46    91    596    476    283    17    588  

543    211    75    0    143    503    102    120    382    208    37    519    113    550    293    509    140    130    206    518    404    497    56    324    592    166    315    593    382    413    69    582    166    509    443    401    559    309    351    317    492    375    506    115    179    129    47    383    570    80    596    230    406    319    237    130    369    390    511    568    423    558    550    393    302    568    347    292    591    373    453    501    349    568    98    318    553    440    203    251    31    90    258    276    137    483    80    44    159    210    87    495    399    172    345    128    302    353    12    503    443    332    114    26    468    553    441    187    472    174  

563    479    54    143    0    107    407    32    308    587    558    426    111    149    30    436    368    32    538    298    540    12    480    476    237    410    120    158    470    188    249    157    244    497    413    595    40    421    589    432    393    155    383    293    367    192    515    422    130    382    102    203    209    113    325    2    302    409    123    333    462    461    149    556    183    552    419    535    98    91    425    11    439    279    340    598    536    317    64    175    398    4    429    127    167    405    251    230    106    414    314    236    249    290    340    445    468    354    502    432    367    58    409    356    569    146    223    168    317    103 

415    177    217    503    107    0    249    525    238    526    582    281    180    28    365    171    523    341    475    7    266    31    224    229    161    218    260    106    267    390    559    338    555    369    30    383    75    348    298    571    360    312    266    167    33    522    528    86    399    505    577    73    350    408    422    343    320    348    376    496    523    235    408    390    185    151    253    273    286    422    494    285    407    487    391    83    557    147    96    161    16    302    385    366    360    281    122    182    183    157    350    550    443    205    520    245    471    64    478    8    345    154    194    584    254    551    376    425    130    563  

437    2    259    102    407    249    0    377    266    532    569    413    500    509    565    504    144    457    104    555    434    126    584    595    332    273    201    527    472    137    236    562    94    323    459    553    342    28    494    583    323    173    213    123    485    576    426    195    296    81    145    410    286    96    64    61    502    571    541    155    495    441    473    554    93    177    279    143    318    8    176    461    434    489    126    327    37    174    595    192    75    461    429    247    6    295    504    521    135    74    481    262    207    61    507    334    240    468    416    132    253    217    444    336    378    138    89    219    450    339 

437    82    34    120    32    525    377    0    451    523    235    328    280    599    344    12    222    516    123    256    184    125    308    547    230    377    435    391    465    206    326    52    216    484    479    470    425    37    349    442    327    560    142    454    461    60    142    190    44    250    126    122    391    307    468    76    376    416    426    352    582    137    526    549    254    501    30    88    523    176    341    255    284    283    166    507    520    140    460    486    464    590    172    292    513    68    513    447    388    319    425    530    36    400    376    55    324    326    281    148    594    476    503    196    103    273    459    37    179    448 

530    527    392    382    308    238    266    451    0    331    236    518    10    18    418    453    79    405    38    210    533    65    318    303    345    246    476    349    158    365    11    106    151    414    228    169    50    281    329    99    228    390    581    100    259    177    151    361    35    557    345    476    424    193    289    178    581    519    299    60    424    41    264    257    498    503    504    485    494    491    272    146    52    14    95    589    427    243    219    596    209    161    571    107    342    341    480    78    165    200    322    139    160    17    384    558    172    79    431    444    28    483    158    205    142    509    462    477    434    322 

499    430    436    208    587    526    532    523    331    0    405    429    198    481    480    580    415    517    397    358    358    204    379    391    596    367    166    209    260    170    242    560    244    35    92    455    30    223    576    556    377    24    474    198    135    579    564    583    187    333    81    124    258    486    172    457    403    29    456    401    339    427    492    67    281    549    298    513    243    384    197    162    587    81    549    287    218    148    17    155    184    178    279    171    37    368    202    413    334    586    177    597    159    94    72    369    249    589    565    374    321    460    202    477    101    345    170    525    27    42 

239    440    213    37    558    582    569    235    236    405    0    377    196    536    62    220    496    570    399    514    183    67    439    254    430    10    399    186    519    560    215    481    595    307    103    321    215    74    340    444    164    246    351    562    302    89    527    68    222    463    135    135    451    253    281    26    547    146    226    190    239    16    119    106    372    359    325    184    14    255    7    408    375    551    328    598    245    31    80    450    234    390    483    516    429    569    101    186    597    521    226    408    286    504    114    459    308    511    545    370    540    239    365    537    18    234    240    499    29    77   

187    475    52    519    426    281    413    328    518    429    377    0    430    323    583    293    424    423    353    34    383    18    51    276    444    77    200    537    83    561    240    241    225    355    175    486    90    372    195    51    69    108    106    271    60    179    498    350    298    196    563    565    521    598    39    380    47    121    425    471    184    51    415    215    487    361    337    283    381    83    165    593    229    185    298    190    429    446    454    109    109    391    197    417    289    85    151    302    20    429    244    289    131    345    430    423    371    208    179    19    272    96    558    553    163    556    233    240    350    536 

48    340    452    113    111    180    500    280    10    198    196    430    0    505    549    479    417    406    170    400    202    78    221    143    297    173    164    511    464    50    215    145    391    449    590    280    126    32    569    344    136    9    567    562    140    11    445    207    229    285    80    342    593    408    510    140    519    328    55    31    593    343    337    39    401    518    569    378    512    193    525    338    498    541    557    236    413    416    467    144    215    221    488    160    87    371    365    551    212    577    403    304    235    529    490    144    404    334    470    241    155    467    568    156    324    161    49    113    407    28 

147    157    220    550    149    28    509    599    18    481    536    323    505    0    65    230    100    235    13    194    432    474    478    53    189    246    302    310    367    420    14    472    491    398    43    202    178    43    64    362    163    386    260    557    295    363    11    189    166    410    483    311    399    8    453    288    132    592    11    277    356    115    73    347    594    577    540    249    210    205    119    560    4    427    436    579    9    560    183    241    362    390    334    189    329    579    181    182    327    293    127    272    316    140    454    102    588    220    275    9    463    341    465    370    233    176    564    592    296    153 

343    343    155    293    30    365    565    344    418    480    62    583    549    65    0    183    391    213    476    467    213    57    333    347    514    472    192    308    203    515    201    411    475    207    106    182    95    355    39    164    28    432    206    296    272    225    352    16    201    497    127    397    166    355    244    563    480    341    350    408    180    486    272    178    184    510    583    224    519    317    358    250    579    203    145    453    318    455    451    598    421    91    260    160    282    132    218    25    500    48    114    390    45    176    355    79    456    485    368    470    76    375    248    72    154    280    28    270    71    23 

244    577    364    509    436    171    504    12    453    580    220    293    479    230    183    0    436    13    46    80    262    497    550    312    516    145    74    303    336    27    307    462    7    456    455    32    152    538    43    245    120    162    165    473    563    191    159    92    168    472    464    418    249    515    589    226    222    454    191    52    421    178    89    92    272    335    585    267    132    330    48    500    241    596    264    340    434    444    465    347    115    549    55    375    546    2    596    519    228    437    366    237    165    287    348    141    194    217    10    402    567    394    263    368    16    345    399    500    566    362 

550    34    249    140    368    523    144    222    79    415    496    424    417    100    391    436    0    586    367    369    430    464    273    132    194    599    531    50    450    546    221    314    318    344    61    401    314    215    409    477    180    299    292    298    207    390    524    211    44    381    453    494    80    221    414    492    584    153    80    211    432    545    391    82    460    368    185    233    46    378    52    139    326    288    260    337    536    210    562    412    406    143    416    182    350    212    96    29    119    159    141    133    237    382    481    329    220    505    165    118    192    241    559    20    275    324    222    498    488    262 

183    591    113    130    32    341    457    516    405    517    570    423    406    235    213    13    586    0    193    245    29    92    573    324    262    520    317    355    323    381    4    123    291    166    598    346    130    327    228    100    406    183    198    597    135    569    363    25    597    445    276    267    380    88    519    134    506    221    464    523    225    54    433    296    279    75    401    209    10    477    211    222    370    248    109    185    319    331    193    282    433    45    169    65    599    182    435    63    79    167    52    273    323    391    129    249    205    235    16    83    417    144    309    210    481    128    233    188    158    167 

454    116    439    206    538    475    104    123    38    397    399    353    170    13    476    46    367    193    0    380    273    497    562    291    387    162    475    381    82    498    151    575    23    275    304    131    112    192    206    147    466    412    271    546    462    388    92    107    432    89    143    449    417    366    454    246    330    570    136    292    43    115    532    427    585    544    233    248    414    272    23    62    145    316    388    59    215    406    331    418    442    453    55    565    454    542    45    50    177    8    73    2    124    135    65    548    192    72    277    105    262    463    71    387    557    473    513    294    4    498 

495    546    119    518    298    7    555    256    210    358    514    34    400    194    467    80    369    245    380    0    571    47    6    288    561    377    119    15    117    246    257    346    166    346    579    43    364    339    7    482    318    389    511    178    50    139    395    513    481    320    393    582    460    579    401    420    431    440    220    301    217    491    593    74    109    127    115    382    448    285    99    43    183    152    437    460    460    445    521    553    484    472    513    409    41    42    50    554    343    399    369    12    237    483    123    467    491    477    216    219    218    555    229    6    387    333    285    337    24    374 

294    410    435    404    540    266    434    184    533    358    183    383    202    432    213    262    430    29    273    571    0    484    469    241    108    80    272    333    529    4    28    294    210    74    560    350    244    300    218    267    399    279    430    5    235    220    240    448    335    580    365    259    96    392    216    339    166    274    40    532    59    52    342    126    524    187    333    528    586    591    538    91    154    218    347    413    130    28    345    323    165    500    312    185    144    406    134    259    52    483    387    564    445    77    428    75    224    471    69    391    177    432    254    290    495    94    31    334    76    239 

246    300    393    497    12    31    126    125    65    204    67    18    78    474    57    497    464    92    497    47    484    0    513    221    452    194    267    93    425    84    86    87    440    239    301    128    317    389    476    273    22    74    275    545    158    583    87    219    64    59    175    362    286    564    350    400    309    243    305    254    207    566    454    582    92    550    287    260    549    329    50    275    224    338    214    20    137    244    196    176    291    470    15    239    163    424    186    546    340    35    29    26    253    311    483    299    147    14    204    395    380    301    97    461    114    315    41    426    287    298 

182    487    25    56    480    224    584    308    318    379    439    51    221    478    333    550    273    573    562    6    469    513    0    471    391    203    131    582    441    304    134    146    37    478    542    44    92    160    347    154    515    185    441    296    233    316    598    295    370    216    385    272    121    580    70    510    138    508    582    445    557    336    51    194    358    301    145    201    65    131    7    517    234    347    301    160    171    106    447    503    190    473    288    212    203    59    155    190    171    275    570    349    288    226    294    88    15    278    200    139    491    191    1    252    291    437    471    148    49    446 

571    255    497    324    476    229    595    547    303    391    254    276    143    53    347    312    132    324    291    288    241    221    471    0    100    89    256    181    52    135    537    326    83    350    154    398    168    415    180    128    394    361    471    290    110    264    428    294    346    421    167    116    329    48    215    325    60    409    107    586    465    583    18    43    282    408    39    179    308    327    272    137    66    499    329    490    134    340    538    81    108    424    529    288    75    276    573    104    521    190    393    125    82    327    113    205    308    454    333    303    369    31    359    394    379    233    480    53    145    48 

56    468    66    592    237    161    332    230    345    596    430    444    297    189    514    516    194    262    387    561    108    452    391    100    0    347    155    314    319    252    361    114    58    596    192    554    464    312    355    371    291    456    149    565    224    228    516    5    325    161    94    421    4    353    558    157    467    401    267    295    180    564    302    528    280    484    149    139    411    96    1    159    396    417    544    369    76    87    408    84    408    153    89    292    156    26    126    267    542    414    32    267    589    451    534    90    476    205    68    315    278    186    39    160    495    484    587    205    5    396 

97    205    249    166    410    218    273    377    246    367    10    77    173    246    472    145    599    520    162    377    80    194    203    89    347    0    81    113    458    108    585    502    351    61    111    367    438    407    549    25    236    535    301    498    465    578    497    486    477    272    401    497    425    36    72    543    552    8    68    118    16    533    216    261    136    192    326    511    47    584    422    310    387    88    78    132    200    296    394    565    480    468    478    590    494    165    417    551    117    436    9    341    265    11    470    99    221    498    419    12    171    19    134    32    259    291    465    9    43    285 

265    223    236    315    120    260    201    435    476    166    399    200    164    302    192    74    531    317    475    119    272    267    131    256    155    81    0    473    73    444    380    148    385    365    332    88    224    241    270    494    238    171    351    37    556    322    155    18    139    591    99    565    589    547    241    424    411    46    91    40    596    490    356    6    159    310    339    319    574    494    61    63    399    336    598    253    231    113    199    584    405    14    404    447    329    23    54    453    143    477    8    235    508    164    8    288    588    364    556    164    21    209    301    10    51    515    549    523    153    488

339    166    249    593    158    106    527    391    349    209    186    537    511    310    308    303    50    355    381    15    333    93    582    181    314    113    473    0    185    455    73    588    139    495    48    347    286    278    25    541    518    214    4    384    564    462    227    436    132    497    273    287    483    210    303    89    168    139    277    513    525    198    97    326    146    578    550    59    318    71    340    138    107    380    328    289    213    293    145    137    79    75    534    434    299    84    599    149    267    553    558    290    168    550    74    248    262    236    224    395    442    202    333    343    297    107    405    498    431    376 

125    275    304    382    470    267    472    465    158    260    519    83    464    367    203    336    450    323    82    117    529    425    441    52    319    458    73    185    0    457    360    17    14    65    456    151    210    382    204    25    313    34    182    501    237    367    293    578    153    160    271    237    493    360    24    389    277    261    193    69    475    577    28    293    86    413    172    453    146    17    241    216    526    284    264    465    261    181    522    52    300    44    467    275    139    520    322    3    591    438    569    179    395    442    554    57    478    110    425    361    432    148    161    18    302    449    102    407    181    296 

351    484    12    413    188    390    137    206    365    170    560    561    50    420    515    27    546    381    498    246    4    84    304    135    252    108    444    455    457    0    370    511    67    319    59    241    568    578    385    135    388    531    197    302    347    459    45    392    339    128    37    422    198    546    183    325    563    539    435    131    54    283    193    518    416    237    355    522    145    546    304    61    521    464    547    169    47    182    498    573    169    455    91    112    274    376    360    595    281    296    147    122    270    259    333    391    127    75    231    298    489    195    420    305    203    49    54    408    227    408  

360    322    225    69    249    559    236    326    11    242    215    240    215    14    201    307    221    4    151    257    28    86    134    537    361    585    380    73    360    370    0    477    342    4    191    70    52    231    98    72    9    510    194    338    351    264    12    391    396    70    595    524    430    52    554    352    319    156    178    258    384    556    204    113    565    143    245    316    597    289    507    122    404    596    191    243    342    488    497    198    242    351    514    460    129    511    531    569    402    40    48    595    188    181    344    330    551    319    507    592    167    557    184    18    14    176    370    444    436    339 

599    63    535    582    157    338    562    52    106    560    481    241    145    472    411    462    314    123    575    346    294    87    146    326    114    502    148    588    17    511    477    0    79    92    518    208    461    316    272    453    337    434    56    29    525    349    145    186    501    502    288    273    335    422    439    222    157    150    404    342    592    320    69    244    154    181    474    515    511    496    102    498    433    32    363    149    239    100    34    560    266    590    76    502    108    337    328    557    55    498    322    427    355    27    183    405    62    187    596    204    445    496    98    367    23    449    245    1    508    91 

35    67    413    166    244    555    94    216    151    244    595    225    391    491    475    7    318    291    23    166    210    440    37    83    58    351    385    139    14    67    342    79    0    338    393    200    207    477    30    591    7    208    189    43    51    311    288    137    333    384    261    490    29    489    264    373    425    330    182    578    244    497    327    217    385    204    527    576    205    80    73    283    535    208    360    326    13    498    324    150    420    108    77    342    483    212    536    30    565    413    547    149    345    340    29    551    560    10    535    217    250    501    18    449    77    87    100    339    243    447 

413    474    409    509    497    369    323    484    414    35    307    355    449    398    207    456    344    166    275    346    74    239    478    350    596    61    365    495    65    319    4    92    338    0    234    358    350    446    203    574    371    258    262    386    353    367    113    309    92    84    296    498    2    513    238    568    442    374    259    117    156    422    354    359    512    74    350    453    199    410    497    349    464    119    520    255    152    356    13    325    249    339    450    510    389    172    496    144    488    55    338    131    424    178    217    53    562    423    100    120    393    493    523    79    565    431    553    271    414    169 

327    444    278    443    413    30    459    479    228    92    103    175    590    43    106    455    61    598    304    579    560    301    542    154    192    111    332    48    456    59    191    518    393    234    0    419    275    100    366    49    255    541    471    576    246    114    446    530    479    118    304    187    386    43    201    488    321    379    258    526    401    328    77    356    280    528    121    263    568    281    337    416    489    525    550    299    309    362    469    143    445    297    172    461    593    456    309    191    261    518    405    414    471    131    238    232    564    202    504    340    418    300    191    307    120    345    502    301    42    37  

343    567    462    401    595    383    553    470    169    455    321    486    280    202    182    32    401    346    131    43    350    128    44    398    554    367    88    347    151    241    70    208    200    358    419    0    169    205    65    253    80    442    191    293    215    427    64    72    274    351    36    51    358    166    577    246    371    471    293    32    142    198    41    350    82    225    241    31    22    432    415    455    426    360    24    510    587    514    574    341    318    308    125    300    561    531    441    355    237    579    324    3    248    86    518    359    254    293    252    493    592    485    587    571    5    336    255    455    172    263 

415    70    233    559    40    75    342    425    50    30    215    90    126    178    95    152    314    130    112    364    244    317    92    168    464    438    224    286    210    568    52    461    207    350    275    169    0    372    400    156    298    165    434    475    92    570    58    298    549    476    199    586    29    36    369    271    130    122    585    362    391    410    259    229    201    504    588    488    182    316    509    504    532    320    449    263    244    375    33    599    233    120    361    119    521    255    535    192    199    165    519    433    265    102    118    223    189    528    145    281    19    259    329    543    135    364    397    114    527    491

31    421    390    309    421    348    28    37    281    223    74    372    32    43    355    538    215    327    192    339    300    389    160    415    312    407    241    278    382    578    231    316    477    446    100    205    372    0    508    558    99    13    318    133    509    68    557    309    166    489    557    401    9    524    421    478    313    435    290    227    403    326    47    44    479    451    378    136    225    84    485    269    374    118    32    118    413    573    520    51    187    243    62    230    475    504    230    102    208    348    434    404    32    111    19    147    264    545    460    549    30    189    491    344    479    456    364    255    133    352 

598    460    530    351    589    298    494    349    329    576    340    195    569    64    39    43    409    228    206    7    218    476    347    180    355    549    270    25    204    385    98    272    30    203    366    65    400    508    0    219    324    523    511    374    76    385    471    437    163    31    63    519    478    12    402    104    581    195    518    508    50    314    479    569    305    238    518    212    577    103    51    254    274    232    496    246    232    267    180    130    218    241    163    127    190    511    479    552    523    492    566    346    74    375    463    182    337    109    73    192    181    296    323    317    492    11    138    561    269    393 

499    164    501    317    432    571    583    442    99    556    444    51    344    362    164    245    477    100    147    482    267    273    154    128    371    25    494    541    25    135    72    453    591    574    49    253    156    558    219    0    458    470    428    158    555    225    238    597    567    310    61    57    86    67    88    568    255    402    371    360    3    24    414    253    351    299    308    67    142    201    203    518    288    371    26    465    436    128    556    595    197    518    528    341    75    451    594    448    225    306    362    572    511    185    311    84    220    374    463    221    193    306    102    84    388    94    288    239    112    258 

281    155    509    492    393    360    323    327    228    377    164    69    136    163    28    120    180    406    466    318    399    22    515    394    291    236    238    518    313    388    9    337    7    371    255    80    298    99    324    458    0    556    380    598    540    432    261    570    350    235    109    484    488    187    589    320    300    492    31    109    137    361    204    119    359    378    209    146    34    386    131    300    169    19    331    204    357    352    293    133    71    111    314    113    562    82    22    68    504    121    268    511    305    213    477    292    573    371    367    197    115    211    530    572    154    388    54    262    372    173 

80    404    235    375    155    312    173    560    390    24    246    108    9    386    432    162    299    183    412    389    279    74    185    361    456    535    171    214    34    531    510    434    208    258    541    442    165    13    523    470    556    0    160    1    227    115    323    438    180    530    579    213    120    386    157    549    144    40    555    492    169    357    260    209    301    367    367    283    105    442    327    141    14    371    522    418    382    1    492    447    552    40    386    201    231    427    424    395    4    549    555    187    492    29    90    74    381    68    159    519    562    547    548    480    453    454    409    572    468    431 

523    31    247    506    383    266    213    142    581    474    351    106    567    260    206    165    292    198    271    511    430    275    441    471    149    301    351    4    182    197    194    56    189    262    471    191    434    318    511    428    380    160    0    489    231    500    128    516    474    194    385    72    30    73    258    40    485    85    61    103    446    478    116    437    195    280    402    336    208    407    529    262    138    592    591    551    2    483    221    31    509    389    143    473    153    529    153    335    174    86    283    189    182    316    531    134    506    80    36    167    59    567    272    7    330    16    95    360    108    65 

564    414    439    115    293    167    123    454    100    198    562    271    562    557    296    473    298    597    546    178    5    545    296    290    565    498    37    384    501    302    338    29    43    386    576    293    475    133    374    158    598    1    489    0    436    119    238    403    104    6    249    498    318    252    513    492    226    554    200    44    591    454    474    70    299    356    28    450    113    496    174    374    562    97    187    571    457    583    553    458    434    357    329    335    46    265    348    547    374    505    31    528    106    128    61    334    357    149    144    91    478    532    20    166    365    22    264    76    207    252 

217    88    182    179    367    33    485    461    259    135    302    60    140    295    272    563    207    135    462    50    235    158    233    110    224    465    556    564    237    347    351    525    51    353    246    215    92    509    76    555    540    227    231    436    0    290    516    473    529    205    397    109    173    321    39    540    389    368    126    288    280    376    211    220    493    346    406    443    8    126    446    66    531    585    168    19    529    444    486    479    94    226    166    327    42    478    180    198    316    246    234    326    571    128    235    382    152    383    575    470    63    210    216    279    149    305    164    129    203    29

450    281    58    129    192    522    576    60    177    579    89    179    11    363    225    191    390    569    388    139    220    583    316    264    228    578    322    462    367    459    264    349    311    367    114    427    570    68    385    225    432    115    500    119    290    0    155    369    136    387    112    471    581    589    485    586    425    85    583    520    581    455    112    38    538    514    179    65    446    490    386    550    422    453    195    148    309    399    73    36    267    125    135    298    513    243    455    67    384    34    200    218    361    538    463    313    567    511    380    592    448    443    325    477    275    400    129    281    460    168 

355    236    445    47    515    528    426    142    151    564    527    498    445    11    352    159    524    363    92    395    240    87    598    428    516    497    155    227    293    45    12    145    288    113    446    64    58    557    471    238    261    323    128    238    516    155    0    194    483    123    515    309    451    530    44    374    325    333    177    340    159    283    357    251    137    315    299    17    216    314    337    88    399    369    151    186    387    403    450    555    386    308    410    520    279    277    276    437    92    163    468    492    572    185    43    18    3    330    25    435    173    536    352    382    120    138    508    283    192    271

465    318    490    383    422    86    195    190    361    583    68    350    207    189    16    92    211    25    107    513    448    219    295    294    5    486    18    436    578    392    391    186    137    309    530    72    298    309    437    597    570    438    516    403    473    369    194    0    554    40    477    554    588    27    2    382    287    594    76    392    369    406    285    204    386    270    340    328    262    152    451    149    308    194    397    563    598    407    522    492    277    69    480    473    192    434    471    560    73    55    225    167    228    237    277    402    109    68    455    81    501    491    277    77    432    289    72    217    6    282 

543    62    350    570    130    399    296    44    35    187    222    298    229    166    201    168    44    597    432    481    335    64    370    346    325    477    139    132    153    339    396    501    333    92    479    274    549    166    163    567    350    180    474    104    529    136    483    554    0    565    349    253    53    167    549    111    442    227    368    389    25    432    572    24    581    305    295    575    200    112    273    282    440    224    181    362    335    575    430    291    168    438    262    335    357    103    338    72    142    474    185    265    348    524    307    9    451    68    247    110    429    411    476    2    260    576    441    84    416    349 

266    314    138    80    382    505    81    250    557    333    463    196    285    410    497    472    381    445    89    320    580    59    216    421    161    272    591    497    160    128    70    502    384    84    118    351    476    489    31    310    235    530    194    6    205    387    123    40    565    0    54    142    225    148    446    273    571    388    20    202    127    232    591    283    201    472    364    202    339    340    476    73    556    382    112    34    296    4    508    127    310    353    85    15    194    259    520    109    87    103    297    147    336    232    109    380    59    31    492    70    194    117    102    590    32    331    105    294    477    122 

215    406    511    596    102    577    145    126    345    81    135    563    80    483    127    464    453    276    143    393    365    175    385    167    94    401    99    273    271    37    595    288    261    296    304    36    199    557    63    61    109    579    385    249    397    112    515    477    349    54    0    404    297    230    359    123    135    460    6    80    196    599    423    426    419    86    190    221    241    54    420    334    428    453    172    248    169    553    192    128    524    234    192    425    98    1    148    573    323    300    10    26    596    559    113    180    192    208    286    468    142    254    587    573    214    327    173    358    110    357 

519    334    53    230    203    73    410    122    476    124    135    565    342    311    397    418    494    267    449    582    259    362    272    116    421    497    565    287    237    422    524    273    490    498    187    51    586    401    519    57    484    213    72    498    109    471    309    554    253    142    404    0    367    441    545    373    42    104    318    124    582    6    142    341    330    97    431    43    47    570    470    344    227    366    137    88    537    205    546    565    501    28    368    423    517    505    64    303    411    163    352    577    264    11    308    164    83    66    426    488    182    97    223    450    57    343    253    374    392    59 

560    507    297    406    209    350    286    391    424    258    451    521    593    399    166    249    80    380    417    460    96    286    121    329    4    425    589    483    493    198    430    335    29    2    386    358    29    9    478    86    488    120    30    318    173    581    451    588    53    225    297    367    0    436    258    199    150    380    59    14    251    325    439    40    31    486    510    469    471    570    541    272    210    352    336    90    92    121    4    485    419    581    254    165    362    294    459    304    510    285    103    348    573    487    548    143    226    118    323    206    546    4    166    523    407    137    23    407    16    115 

