     0   770     5   620   655   695    70   320   210   645   350   730   150   215   120   110   700   465   440   120   685   500   285   415   325    65   195   100   150   195
   770     0   335    40   725   760   395   395   275   725   300    90   625   315   195   325    80   110   755   765   465    50   190   285   660    15    35   140   520   590
     5   335     0   520   365   440   240   600   155   550   150   295   505   625    65   745   625   390   350   360   250   410   410   655   640   520   305   650   430   285
   620    40   520     0   755   705   445   500   470   170   245   380   185   680   160   185   140   185   350   250   740   345   150   725   785   355    90   210   330   480
   655   725   365   755     0   210   485   570   180    95   240   260   340   410    70   210   645    25   745   585   395   465   190   370   775   440   420   190   395   500
   695   760   440   705   210     0   545   320   295   795    35   710   735   640    80   210   270   545   110   580    90   525   400   625   575   725   715   270   560   160
    70   395   240   445   485   545     0    25   600   405   385   725   490   495   690   645   465   150   195   710    25   395   135   785   575   405   380    50   550    35
   320   395   600   500   570   320    25     0    60   420    80   655   655   580   120   530   415   780   520   645   365   350   665    70   110   140   315   670   645    50
   210   275   155   470   180   295   600    60     0   320   425   335   530   505   235   350    15   790   135    85   300   160   395   275   765   740    45   595   220   340
   645   725   550   170    95   795   405   420   320     0   440   755   335   790   245   565   535   435   560   535   145   105   800   140    30   450   710   540   155   300
   350   300   150   245   240    35   385    80   425   440     0   370   790   130   685   520   305   155   345   390   100   475   185   310   470   205   235   495   215   660
   730    90   295   380   260   710   725   655   335   755   370     0   790   585   280   470    90   730   705   655   210   480    20   345   255   130   145   340    80   480
   150   625   505   185   340   735   490   655   530   335   790   790     0   380   560   560   515    30    60   260   425   525   330   660   575   775   430   265    85   490
   215   315   625   680   410   640   495   580   505   790   130   585   380     0   625   340    75   215   125   225   355   425   370   705   415   755   515   770   195   545
   120   195    65   160    70    80   690   120   235   245   685   280   560   625     0   235   540   560    55   205   180   535   680   280   625   545    10   485   310   735
   110   325   745   185   210   210   645   530   350   565   520   470   560   340   235     0     5   370   340   370   620   260   630   380    30   145   580   380   125   275
   700    80   625   140   645   270   465   415    15   535   305    90   515    75   540     5     0   490   155   595   195   735   220   615   155   230    75   465   550   440
   465   110   390   185    25   545   150   780   790   435   155   730    30   215   560   370   490     0   345   520   520   545   510   760   170   570   190   100   490   365
   440   755   350   350   745   110   195   520   135   560   345   705    60   125    55   340   155   345     0   370   530   620   285   530   335   675   670   210   495   470
   120   765   360   250   585   580   710   645    85   535   390   655   260   225   205   370   595   520   370     0   435   700   215   255   100   755   520   385   515   440
   685   465   250   740   395    90    25   365   300   145   100   210   425   355   180   620   195   520   530   435     0   520   440   580   420   795   175    85    90    55
   500    50   410   345   465   525   395   350   160   105   475   480   525   425   535   260   735   545   620   700   520     0   325   360   295   615   505   620   750   780
   285   190   410   150   190   400   135   665   395   800   185    20   330   370   680   630   220   510   285   215   440   325     0   155   115   560    80   425   425   690
   415   285   655   725   370   625   785    70   275   140   310   345   660   705   280   380   615   760   530   255   580   360   155     0   390   315   540   595   420   280
   325   660   640   785   775   575   575   110   765    30   470   255   575   415   625    30   155   170   335   100   420   295   115   390     0   120   470   210    40   605
    65    15   520   355   440   725   405   140   740   450   205   130   775   755   545   145   230   570   675   755   795   615   560   315   120     0   195   355   555   290
   195    35   305    90   420   715   380   315    45   710   235   145   430   515    10   580    75   190   670   520   175   505    80   540   470   195     0   590   320   550
   100   140   650   210   190   270    50   670   595   540   495   340   265   770   485   380   465   100   210   385    85   620   425   595   210   355   590     0   565   355
   150   520   430   330   395   560   550   645   220   155   215    80    85   195   310   125   550   490   495   515    90   750   425   420    40   555   320   565     0    20
   195   590   285   480   500   160    35    50   340   300   660   480   490   545   735   275   440   365   470   440    55   780   690   280   605   290   550   355    20     0
